
teste : 10k, 50k, 100k, 500k, 750k, 1mil, 1.5mil, 2.5mil, 3.5mil, 5mil

HASH
adaugare cu realoc: 11, 60, 114, 536, 936, 1133, 1957, 3821, 4530, 7960
adaugare fara realoc: 3, 24, 50, 243, 368, 498, 869, 1568, 1990, 3250
adaugare STL: 4, 25, 57, 348, 537, 690, 1170, 2050, 2634, 4370
reuniune: 17, 88, 163, 892, 1283, 1554, 2831, 5052, 6657, 10870
intersectie: 4, 26, 57, 309, 412, 563, 844, 1768,  2585, 3440
diferenta: 6, 46, 74, 431, 567, 918, 1179, 2032, 2963, 	3905
modificare: 16, 105, 196, 1044, 1366, 1854, 2752, 4741, 8012, 9762    
stergere: 4, 25, 41, 214, 320, 408, 687, 1176, 1671, 2539

TREAP
adaugare: 12, 58, 125, 1011, 1190, 1729, 2534, 4562, 6347, 9309 
reuniune: 31, 160, 296, 1196, 1598, 1891, 2242, 2916, 6391, 9960
intersectie: 22, 121, 232, 1075, 1424, 1758, 2237, 2992, 3169, 3449
diferenta: 24, 139, 257, 1150, 1422, 1667, 2036, 2527, 2589, 2783
modificare: 16, 104, 239, 1335, 2108, 2819, 4381, 8518, 12261, 18823
stergere: 7, 50, 136, 750, 1110, 1534, 2223, 3948, 4950, 6476

DISJOINT SET
adaugare: 1, 11,  32, 149, 228, 238, 346, 477, 589, 823
apartenenta: 0, 4, 10, 75, 119, 158, 240, 400, 569, 860		
